Coded stiffness 
 5.567410e+05 4.172718e+05 -5.556203e+05 4.161511e+05 -2.783705e+05 -4.172718e+05 2.772498e+05 -4.161511e+05 
4.172718e+05 5.567410e+05 -4.161511e+05 2.772498e+05 -4.172718e+05 -2.783705e+05 4.161511e+05 -5.556203e+05 
-5.556203e+05 -4.161511e+05 5.567410e+05 -4.172718e+05 2.772498e+05 4.161511e+05 -2.783705e+05 4.172718e+05 
4.161511e+05 2.772498e+05 -4.172718e+05 5.567410e+05 -4.161511e+05 -5.556203e+05 4.172718e+05 -2.783705e+05 
-2.783705e+05 -4.172718e+05 2.772498e+05 -4.161511e+05 5.567410e+05 4.172718e+05 -5.556203e+05 4.161511e+05 
-4.172718e+05 -2.783705e+05 4.161511e+05 -5.556203e+05 4.172718e+05 5.567410e+05 -4.161511e+05 2.772498e+05 
2.772498e+05 4.161511e+05 -2.783705e+05 4.172718e+05 -5.556203e+05 -4.161511e+05 5.567410e+05 -4.172718e+05 
-4.161511e+05 -5.556203e+05 4.172718e+05 -2.783705e+05 4.161511e+05 2.772498e+05 -4.172718e+05 5.567410e+05 

 
 Numerical stiffness 
5.567411e+05 4.172718e+05 -5.556203e+05 4.161511e+05 -2.783705e+05 -4.172718e+05 2.772498e+05 -4.161511e+05 
4.172718e+05 5.567410e+05 -4.161511e+05 2.772498e+05 -4.172718e+05 -2.783705e+05 4.161511e+05 -5.556203e+05 
-5.556203e+05 -4.161511e+05 5.567410e+05 -4.172718e+05 2.772498e+05 4.161511e+05 -2.783705e+05 4.172718e+05 
4.161511e+05 2.772498e+05 -4.172718e+05 5.567410e+05 -4.161511e+05 -5.556203e+05 4.172718e+05 -2.783705e+05 
-2.783705e+05 -4.172718e+05 2.772498e+05 -4.161511e+05 5.567410e+05 4.172718e+05 -5.556203e+05 4.161511e+05 
-4.172718e+05 -2.783705e+05 4.161511e+05 -5.556203e+05 4.172718e+05 5.567411e+05 -4.161511e+05 2.772498e+05 
2.772498e+05 4.161511e+05 -2.783705e+05 4.172718e+05 -5.556203e+05 -4.161511e+05 5.567411e+05 -4.172718e+05 
-4.161511e+05 -5.556203e+05 4.172718e+05 -2.783705e+05 4.161511e+05 2.772498e+05 -4.172718e+05 5.567411e+05 
